# RFS Coordinate System and Initial Conditions.
lat0: 37.872819
lon0: -122.301647
yaw0: 0.0
X0: -2.68 
Y0: 43.8
Psi0: 1.6
V0:   0.0
