# RFS Coordinate System and Initial Conditions.
lat0: 37.872819
lon0: -122.301647
yaw0: 0.0
X0: -11
Y0: 79
Psi0: 1.6
V0:   0.0
