# RFS Coordinate System and Initial Conditions.
lat0: 37.917929
lon0: -122.331798
yaw0: 0.0
X0:   30
Y0:   9
Psi0: 0.89
V0:   0.0
